3 1 1 4 24 18 1 11 6 5 20 8 14 26 30 13 29 23 0 3 27 8 16 20 18 4 12 26 14 7 28 23 19 26 22 28 8 7 13 3 2 24 27 11 10 22 21 17 8 0 0 26 23 23 16 11 9 23 8 16 14 1 26 11 29 10 16 25 1 12 11 19 7 4 3 16 2 1 28 22 1 6 2 10 25 29 10 18 10 27 21 10 10 9 4 1 19 21 5 2 1 9 8 11 17 7 0 13 19 13 5 22 16 24 14 11 30 16 20 15
-
3 1 1 4 3
3 1 24 18 27
3 1 1 11 10
3 1 6 5 5
3 1 20 8 18
3 1 14 26 27
3 1 30 13 29
3 1 29 23 34
3 1 0 3 3
3 1 27 8 25
3 1 16 20 23
3 1 18 4 15
3 1 12 26 26
3 1 14 7 12
3 1 28 23 33
3 1 19 26 29
3 1 22 28 33
3 1 8 7 7
3 1 13 3 10
3 1 2 24 23
3 1 27 11 26
3 1 10 22 22
3 1 21 17 24
3 1 8 0 5
3 1 0 26 25
3 1 23 23 29
3 1 16 11 16
3 1 9 23 22
3 1 8 16 15
3 1 14 1 11
3 1 26 11 25
3 1 29 10 27
3 1 16 25 27
3 1 1 12 11
3 1 11 19 19
3 1 7 4 5
3 1 3 16 15
3 1 2 1 1
3 1 28 22 32
3 1 1 6 5
3 1 2 10 9
3 1 25 29 35
3 1 10 18 18
3 1 10 27 26
3 1 21 10 20
3 1 10 9 10
3 1 4 1 1
3 1 19 21 25
3 1 5 2 2
3 1 1 9 8
3 1 8 11 11
3 1 17 7 15
3 1 0 13 12
3 1 19 13 20
3 1 5 22 21
3 1 16 24 26
3 1 14 11 14
3 1 30 16 30
3 1 20 15 22
1 4 24 18 26
1 4 1 11 7
1 4 6 5 5
1 4 20 8 19
1 4 14 26 25
1 4 30 13 30
1 4 29 23 33
1 4 0 3 1
1 4 27 8 26
1 4 16 20 21
1 4 18 4 17
1 4 12 26 24
1 4 14 7 13
1 4 28 23 33
1 4 19 26 28
1 4 22 28 31
1 4 8 7 7
1 4 13 3 12
1 4 2 24 20
1 4 27 11 26
1 4 10 22 20
1 4 21 17 23
1 4 8 0 8
1 4 0 26 22
1 4 23 23 29
1 4 16 11 16
1 4 9 23 20
1 4 8 16 13
1 4 14 1 13
1 4 26 11 25
1 4 29 10 28
1 4 16 25 25
1 4 1 12 8
1 4 11 19 18
1 4 7 4 6
1 4 3 16 12
1 4 2 1 3
1 4 28 22 32
1 4 1 6 2
1 4 2 10 6
1 4 25 29 34
1 4 10 18 16
1 4 10 27 24
1 4 21 10 20
1 4 10 9 10
1 4 4 1 4
1 4 19 21 24
1 4 5 2 4
1 4 1 9 5
1 4 8 11 9
1 4 17 7 16
1 4 0 13 9
1 4 19 13 20
1 4 5 22 18
1 4 16 24 25
1 4 14 11 14
1 4 30 16 31
1 4 20 15 21
24 18 1 11 24
24 18 6 5 22
24 18 20 8 10
24 18 14 26 12
24 18 30 13 7
24 18 29 23 7
24 18 0 3 28
24 18 27 8 10
24 18 16 20 8
24 18 18 4 15
24 18 12 26 14
24 18 14 7 14
24 18 28 23 6
24 18 19 26 9
24 18 22 28 10
24 18 8 7 19
24 18 13 3 18
24 18 2 24 22
24 18 27 11 7
24 18 10 22 14
24 18 21 17 3
24 18 8 0 24
24 18 0 26 25
24 18 23 23 5
24 18 16 11 10
24 18 9 23 15
24 18 8 16 16
24 18 14 1 19
24 18 26 11 7
24 18 29 10 9
24 18 16 25 10
24 18 1 12 23
24 18 11 19 13
24 18 7 4 22
24 18 3 16 21
24 18 2 1 27
24 18 28 22 5
24 18 1 6 25
24 18 2 10 23
24 18 25 29 11
24 18 10 18 14
24 18 10 27 16
24 18 21 10 8
24 18 10 9 16
24 18 4 1 26
24 18 19 21 5
24 18 5 2 24
24 18 1 9 24
24 18 8 11 17
24 18 17 7 13
24 18 0 13 24
24 18 19 13 7
24 18 5 22 19
24 18 16 24 10
24 18 14 11 12
24 18 30 16 6
24 18 20 15 5
1 11 6 5 7
1 11 20 8 19
1 11 14 26 19
1 11 30 13 29
1 11 29 23 30
1 11 0 3 8
1 11 27 8 26
1 11 16 20 17
1 11 18 4 18
1 11 12 26 18
1 11 14 7 13
1 11 28 23 29
1 11 19 26 23
1 11 22 28 27
1 11 8 7 8
1 11 13 3 14
1 11 2 24 13
1 11 27 11 26
1 11 10 22 14
1 11 21 17 20
1 11 8 0 13
1 11 0 26 15
1 11 23 23 25
1 11 16 11 15
1 11 9 23 14
1 11 8 16 8
1 11 14 1 16
1 11 26 11 25
1 11 29 10 28
1 11 16 25 20
1 11 1 12 1
1 11 11 19 12
1 11 7 4 9
1 11 3 16 5
1 11 2 1 10
1 11 28 22 29
1 11 1 6 5
1 11 2 10 1
1 11 25 29 30
1 11 10 18 11
1 11 10 27 18
1 11 21 10 20
1 11 10 9 9
1 11 4 1 10
1 11 19 21 20
1 11 5 2 9
1 11 1 9 2
1 11 8 11 7
1 11 17 7 16
1 11 0 13 2
1 11 19 13 18
1 11 5 22 11
1 11 16 24 19
1 11 14 11 13
1 11 30 16 29
1 11 20 15 19
6 5 20 8 14
6 5 14 26 22
6 5 30 13 25
6 5 29 23 29
6 5 0 3 6
6 5 27 8 21
6 5 16 20 18
6 5 18 4 12
6 5 12 26 21
6 5 14 7 8
6 5 28 23 28
6 5 19 26 24
6 5 22 28 28
6 5 8 7 2
6 5 13 3 7
6 5 2 24 19
6 5 27 11 21
6 5 10 22 17
6 5 21 17 19
6 5 8 0 5
6 5 0 26 21
6 5 23 23 24
6 5 16 11 11
6 5 9 23 18
6 5 8 16 11
6 5 14 1 8
6 5 26 11 20
6 5 29 10 23
6 5 16 25 22
6 5 1 12 8
6 5 11 19 14
6 5 7 4 1
6 5 3 16 11
6 5 2 1 5
6 5 28 22 27
6 5 1 6 5
6 5 2 10 6
6 5 25 29 30
6 5 10 18 13
6 5 10 27 22
6 5 21 10 15
6 5 10 9 5
6 5 4 1 4
6 5 19 21 20
6 5 5 2 3
6 5 1 9 6
6 5 8 11 6
6 5 17 7 11
6 5 0 13 10
6 5 19 13 15
6 5 5 22 17
6 5 16 24 21
6 5 14 11 10
6 5 30 16 26
6 5 20 15 17
20 8 14 26 18
20 8 30 13 11
20 8 29 23 17
20 8 0 3 20
20 8 27 8 7
20 8 16 20 12
20 8 18 4 4
20 8 12 26 19
20 8 14 7 6
20 8 28 23 17
20 8 19 26 18
20 8 22 28 20
20 8 8 7 12
20 8 13 3 8
20 8 2 24 24
20 8 27 11 7
20 8 10 22 17
20 8 21 17 9
20 8 8 0 14
20 8 0 26 26
20 8 23 23 15
20 8 16 11 5
20 8 9 23 18
20 8 8 16 14
20 8 14 1 9
20 8 26 11 6
20 8 29 10 9
20 8 16 25 17
20 8 1 12 19
20 8 11 19 14
20 8 7 4 13
20 8 3 16 18
20 8 2 1 19
20 8 28 22 16
20 8 1 6 19
20 8 2 10 18
20 8 25 29 21
20 8 10 18 14
20 8 10 27 21
20 8 21 10 2
20 8 10 9 10
20 8 4 1 17
20 8 19 21 13
20 8 5 2 16
20 8 1 9 19
20 8 8 11 12
20 8 17 7 3
20 8 0 13 20
20 8 19 13 5
20 8 5 22 20
20 8 16 24 16
20 8 14 11 6
20 8 30 16 12
20 8 20 15 7
14 26 30 13 20
14 26 29 23 15
14 26 0 3 26
14 26 27 8 22
14 26 16 20 6
14 26 18 4 22
14 26 12 26 2
14 26 14 7 19
14 26 28 23 14
14 26 19 26 5
14 26 22 28 8
14 26 8 7 19
14 26 13 3 23
14 26 2 24 12
14 26 27 11 19
14 26 10 22 5
14 26 21 17 11
14 26 8 0 26
14 26 0 26 14
14 26 23 23 9
14 26 16 11 15
14 26 9 23 5
14 26 8 16 11
14 26 14 1 25
14 26 26 11 19
14 26 29 10 21
14 26 16 25 2
14 26 1 12 19
14 26 11 19 7
14 26 7 4 23
14 26 3 16 14
14 26 2 1 27
14 26 28 22 14
14 26 1 6 23
14 26 2 10 20
14 26 25 29 11
14 26 10 18 8
14 26 10 27 4
14 26 21 10 17
14 26 10 9 17
14 26 4 1 26
14 26 19 21 7
14 26 5 2 25
14 26 1 9 21
14 26 8 11 16
14 26 17 7 19
14 26 0 13 19
14 26 19 13 13
14 26 5 22 9
14 26 16 24 2
14 26 14 11 15
14 26 30 16 18
14 26 20 15 12
30 13 29 23 10
30 13 0 3 31
30 13 27 8 5
30 13 16 20 15
30 13 18 4 15
30 13 12 26 22
30 13 14 7 17
30 13 28 23 10
30 13 19 26 17
30 13 22 28 17
30 13 8 7 22
30 13 13 3 19
30 13 2 24 30
30 13 27 11 3
30 13 10 22 21
30 13 21 17 9
30 13 8 0 25
30 13 0 26 32
30 13 23 23 12
30 13 16 11 14
30 13 9 23 23
30 13 8 16 22
30 13 14 1 20
30 13 26 11 4
30 13 29 10 3
30 13 16 25 18
30 13 1 12 29
30 13 11 19 19
30 13 7 4 24
30 13 3 16 27
30 13 2 1 30
30 13 28 22 9
30 13 1 6 29
30 13 2 10 28
30 13 25 29 16
30 13 10 18 20
30 13 10 27 24
30 13 21 10 9
30 13 10 9 20
30 13 4 1 28
30 13 19 21 13
30 13 5 2 27
30 13 1 9 29
30 13 8 11 22
30 13 17 7 14
30 13 0 13 30
30 13 19 13 11
30 13 5 22 26
30 13 16 24 17
30 13 14 11 16
30 13 30 16 3
30 13 20 15 10
29 23 0 3 35
29 23 27 8 15
29 23 16 20 13
29 23 18 4 21
29 23 12 26 17
29 23 14 7 21
29 23 28 23 1
29 23 19 26 10
29 23 22 28 8
29 23 8 7 26
29 23 13 3 25
29 23 2 24 27
29 23 27 11 12
29 23 10 22 19
29 23 21 17 10
29 23 8 0 31
29 23 0 26 29
29 23 23 23 6
29 23 16 11 17
29 23 9 23 20
29 23 8 16 22
29 23 14 1 26
29 23 26 11 12
29 23 29 10 13
29 23 16 25 13
29 23 1 12 30
29 23 11 19 18
29 23 7 4 29
29 23 3 16 26
29 23 2 1 34
29 23 28 22 1
29 23 1 6 32
29 23 2 10 29
29 23 25 29 7
29 23 10 18 19
29 23 10 27 19
29 23 21 10 15
29 23 10 9 23
29 23 4 1 33
29 23 19 21 10
29 23 5 2 31
29 23 1 9 31
29 23 8 11 24
29 23 17 7 20
29 23 0 13 30
29 23 19 13 14
29 23 5 22 24
29 23 16 24 13
29 23 14 11 19
29 23 30 16 7
29 23 20 15 12
0 3 27 8 27
0 3 16 20 23
0 3 18 4 18
0 3 12 26 25
0 3 14 7 14
0 3 28 23 34
0 3 19 26 29
0 3 22 28 33
0 3 8 7 8
0 3 13 3 13
0 3 2 24 21
0 3 27 11 28
0 3 10 22 21
0 3 21 17 25
0 3 8 0 8
0 3 0 26 23
0 3 23 23 30
0 3 16 11 17
0 3 9 23 21
0 3 8 16 15
0 3 14 1 14
0 3 26 11 27
0 3 29 10 29
0 3 16 25 27
0 3 1 12 9
0 3 11 19 19
0 3 7 4 7
0 3 3 16 13
0 3 2 1 2
0 3 28 22 33
0 3 1 6 3
0 3 2 10 7
0 3 25 29 36
0 3 10 18 18
0 3 10 27 26
0 3 21 10 22
0 3 10 9 11
0 3 4 1 4
0 3 19 21 26
0 3 5 2 5
0 3 1 9 6
0 3 8 11 11
0 3 17 7 17
0 3 0 13 10
0 3 19 13 21
0 3 5 22 19
0 3 16 24 26
0 3 14 11 16
0 3 30 16 32
0 3 20 15 23
27 8 16 20 16
27 8 18 4 9
27 8 12 26 23
27 8 14 7 13
27 8 28 23 15
27 8 19 26 19
27 8 22 28 20
27 8 8 7 19
27 8 13 3 14
27 8 2 24 29
27 8 27 11 3
27 8 10 22 22
27 8 21 17 10
27 8 8 0 20
27 8 0 26 32
27 8 23 23 15
27 8 16 11 11
27 8 9 23 23
27 8 8 16 20
27 8 14 1 14
27 8 26 11 3
27 8 29 10 2
27 8 16 25 20
27 8 1 12 26
27 8 11 19 19
27 8 7 4 20
27 8 3 16 25
27 8 2 1 25
27 8 28 22 14
27 8 1 6 26
27 8 2 10 25
27 8 25 29 21
27 8 10 18 19
27 8 10 27 25
27 8 21 10 6
27 8 10 9 17
27 8 4 1 24
27 8 19 21 15
27 8 5 2 22
27 8 1 9 26
27 8 8 11 19
27 8 17 7 10
27 8 0 13 27
27 8 19 13 9
27 8 5 22 26
27 8 16 24 19
27 8 14 11 13
27 8 30 16 8
27 8 20 15 9
16 20 18 4 16
16 20 12 26 7
16 20 14 7 13
16 20 28 23 12
16 20 19 26 6
16 20 22 28 10
16 20 8 7 15
16 20 13 3 17
16 20 2 24 14
16 20 27 11 14
16 20 10 22 6
16 20 21 17 5
16 20 8 0 21
16 20 0 26 17
16 20 23 23 7
16 20 16 11 9
16 20 9 23 7
16 20 8 16 8
16 20 14 1 19
16 20 26 11 13
16 20 29 10 16
16 20 16 25 5
16 20 1 12 17
16 20 11 19 5
16 20 7 4 18
16 20 3 16 13
16 20 2 1 23
16 20 28 22 12
16 20 1 6 20
16 20 2 10 17
16 20 25 29 12
16 20 10 18 6
16 20 10 27 9
16 20 21 10 11
16 20 10 9 12
16 20 4 1 22
16 20 19 21 3
16 20 5 2 21
16 20 1 9 18
16 20 8 11 12
16 20 17 7 13
16 20 0 13 17
16 20 19 13 7
16 20 5 22 11
16 20 16 24 4
16 20 14 11 9
16 20 30 16 14
16 20 20 15 6
18 4 12 26 22
18 4 14 7 5
18 4 28 23 21
18 4 19 26 22
18 4 22 28 24
18 4 8 7 10
18 4 13 3 5
18 4 2 24 25
18 4 27 11 11
18 4 10 22 19
18 4 21 17 13
18 4 8 0 10
18 4 0 26 28
18 4 23 23 19
18 4 16 11 7
18 4 9 23 21
18 4 8 16 15
18 4 14 1 5
18 4 26 11 10
18 4 29 10 12
18 4 16 25 21
18 4 1 12 18
18 4 11 19 16
18 4 7 4 11
18 4 3 16 19
18 4 2 1 16
18 4 28 22 20
18 4 1 6 17
18 4 2 10 17
18 4 25 29 25
18 4 10 18 16
18 4 10 27 24
18 4 21 10 6
18 4 10 9 9
18 4 4 1 14
18 4 19 21 17
18 4 5 2 13
18 4 1 9 17
18 4 8 11 12
18 4 17 7 3
18 4 0 13 20
18 4 19 13 9
18 4 5 22 22
18 4 16 24 20
18 4 14 11 8
18 4 30 16 16
18 4 20 15 11
12 26 14 7 19
12 26 28 23 16
12 26 19 26 7
12 26 22 28 10
12 26 8 7 19
12 26 13 3 23
12 26 2 24 10
12 26 27 11 21
12 26 10 22 4
12 26 21 17 12
12 26 8 0 26
12 26 0 26 12
12 26 23 23 11
12 26 16 11 15
12 26 9 23 4
12 26 8 16 10
12 26 14 1 25
12 26 26 11 20
12 26 29 10 23
12 26 16 25 4
12 26 1 12 17
12 26 11 19 7
12 26 7 4 22
12 26 3 16 13
12 26 2 1 26
12 26 28 22 16
12 26 1 6 22
12 26 2 10 18
12 26 25 29 13
12 26 10 18 8
12 26 10 27 2
12 26 21 10 18
12 26 10 9 17
12 26 4 1 26
12 26 19 21 8
12 26 5 2 25
12 26 1 9 20
12 26 8 11 15
12 26 17 7 19
12 26 0 13 17
12 26 19 13 14
12 26 5 22 8
12 26 16 24 4
12 26 14 11 15
12 26 30 16 20
12 26 20 15 13
14 7 28 23 21
14 7 19 26 19
14 7 22 28 22
14 7 8 7 6
14 7 13 3 4
14 7 2 24 20
14 7 27 11 13
14 7 10 22 15
14 7 21 17 12
14 7 8 0 9
14 7 0 26 23
14 7 23 23 18
14 7 16 11 4
14 7 9 23 16
14 7 8 16 10
14 7 14 1 6
14 7 26 11 12
14 7 29 10 15
14 7 16 25 18
14 7 1 12 13
14 7 11 19 12
14 7 7 4 7
14 7 3 16 14
14 7 2 1 13
14 7 28 22 20
14 7 1 6 13
14 7 2 10 12
14 7 25 29 24
14 7 10 18 11
14 7 10 27 20
14 7 21 10 7
14 7 10 9 4
14 7 4 1 11
14 7 19 21 14
14 7 5 2 10
14 7 1 9 13
14 7 8 11 7
14 7 17 7 3
14 7 0 13 15
14 7 19 13 7
14 7 5 22 17
14 7 16 24 17
14 7 14 11 4
14 7 30 16 18
14 7 20 15 10
28 23 19 26 9
28 23 22 28 7
28 23 8 7 25
28 23 13 3 25
28 23 2 24 26
28 23 27 11 12
28 23 10 22 18
28 23 21 17 9
28 23 8 0 30
28 23 0 26 28
28 23 23 23 5
28 23 16 11 16
28 23 9 23 19
28 23 8 16 21
28 23 14 1 26
28 23 26 11 12
28 23 29 10 13
28 23 16 25 12
28 23 1 12 29
28 23 11 19 17
28 23 7 4 28
28 23 3 16 25
28 23 2 1 34
28 23 28 22 1
28 23 1 6 31
28 23 2 10 29
28 23 25 29 6
28 23 10 18 18
28 23 10 27 18
28 23 21 10 14
28 23 10 9 22
28 23 4 1 32
28 23 19 21 9
28 23 5 2 31
28 23 1 9 30
28 23 8 11 23
28 23 17 7 19
28 23 0 13 29
28 23 19 13 13
28 23 5 22 23
28 23 16 24 12
28 23 14 11 18
28 23 30 16 7
28 23 20 15 11
19 26 22 28 3
19 26 8 7 21
19 26 13 3 23
19 26 2 24 17
19 26 27 11 17
19 26 10 22 9
19 26 21 17 9
19 26 8 0 28
19 26 0 26 19
19 26 23 23 5
19 26 16 11 15
19 26 9 23 10
19 26 8 16 14
19 26 14 1 25
19 26 26 11 16
19 26 29 10 18
19 26 16 25 3
19 26 1 12 22
19 26 11 19 10
19 26 7 4 25
19 26 3 16 18
19 26 2 1 30
19 26 28 22 9
19 26 1 6 26
19 26 2 10 23
19 26 25 29 6
19 26 10 18 12
19 26 10 27 9
19 26 21 10 16
19 26 10 9 19
19 26 4 1 29
19 26 19 21 5
19 26 5 2 27
19 26 1 9 24
19 26 8 11 18
19 26 17 7 19
19 26 0 13 23
19 26 19 13 13
19 26 5 22 14
19 26 16 24 3
19 26 14 11 15
19 26 30 16 14
19 26 20 15 11
22 28 8 7 25
22 28 13 3 26
22 28 2 24 20
22 28 27 11 17
22 28 10 22 13
22 28 21 17 11
22 28 8 0 31
22 28 0 26 22
22 28 23 23 5
22 28 16 11 18
22 28 9 23 13
22 28 8 16 18
22 28 14 1 28
22 28 26 11 17
22 28 29 10 19
22 28 16 25 6
22 28 1 12 26
22 28 11 19 14
22 28 7 4 28
22 28 3 16 22
22 28 2 1 33
22 28 28 22 8
22 28 1 6 30
22 28 2 10 26
22 28 25 29 3
22 28 10 18 15
22 28 10 27 12
22 28 21 10 18
22 28 10 9 22
22 28 4 1 32
22 28 19 21 7
22 28 5 2 31
22 28 1 9 28
22 28 8 11 22
22 28 17 7 21
22 28 0 13 26
22 28 19 13 15
22 28 5 22 18
22 28 16 24 7
22 28 14 11 18
22 28 30 16 14
22 28 20 15 13
8 7 13 3 6
8 7 2 24 18
8 7 27 11 19
8 7 10 22 15
8 7 21 17 16
8 7 8 0 7
8 7 0 26 20
8 7 23 23 21
8 7 16 11 8
8 7 9 23 16
8 7 8 16 9
8 7 14 1 8
8 7 26 11 18
8 7 29 10 21
8 7 16 25 19
8 7 1 12 8
8 7 11 19 12
8 7 7 4 3
8 7 3 16 10
8 7 2 1 8
8 7 28 22 25
8 7 1 6 7
8 7 2 10 6
8 7 25 29 27
8 7 10 18 11
8 7 10 27 20
8 7 21 10 13
8 7 10 9 2
8 7 4 1 7
8 7 19 21 17
8 7 5 2 5
8 7 1 9 7
8 7 8 11 4
8 7 17 7 9
8 7 0 13 10
8 7 19 13 12
8 7 5 22 15
8 7 16 24 18
8 7 14 11 7
8 7 30 16 23
8 7 20 15 14
13 3 2 24 23
13 3 27 11 16
13 3 10 22 19
13 3 21 17 16
13 3 8 0 5
13 3 0 26 26
13 3 23 23 22
13 3 16 11 8
13 3 9 23 20
13 3 8 16 13
13 3 14 1 2
13 3 26 11 15
13 3 29 10 17
13 3 16 25 22
13 3 1 12 15
13 3 11 19 16
13 3 7 4 6
13 3 3 16 16
13 3 2 1 11
13 3 28 22 24
13 3 1 6 12
13 3 2 10 13
13 3 25 29 28
13 3 10 18 15
13 3 10 27 24
13 3 21 10 10
13 3 10 9 6
13 3 4 1 9
13 3 19 21 18
13 3 5 2 8
13 3 1 9 13
13 3 8 11 9
13 3 17 7 5
13 3 0 13 16
13 3 19 13 11
13 3 5 22 20
13 3 16 24 21
13 3 14 11 8
13 3 30 16 21
13 3 20 15 13
2 24 27 11 28
2 24 10 22 8
2 24 21 17 20
2 24 8 0 24
2 24 0 26 2
2 24 23 23 21
2 24 16 11 19
2 24 9 23 7
2 24 8 16 10
2 24 14 1 25
2 24 26 11 27
2 24 29 10 30
2 24 16 25 14
2 24 1 12 12
2 24 11 19 10
2 24 7 4 20
2 24 3 16 8
2 24 2 1 23
2 24 28 22 26
2 24 1 6 18
2 24 2 10 14
2 24 25 29 23
2 24 10 18 10
2 24 10 27 8
2 24 21 10 23
2 24 10 9 17
2 24 4 1 23
2 24 19 21 17
2 24 5 2 22
2 24 1 9 15
2 24 8 11 14
2 24 17 7 22
2 24 0 13 11
2 24 19 13 20
2 24 5 22 3
2 24 16 24 14
2 24 14 11 17
2 24 30 16 29
2 24 20 15 20
27 11 10 22 20
27 11 21 17 8
27 11 8 0 21
27 11 0 26 30
27 11 23 23 12
27 11 16 11 11
27 11 9 23 21
27 11 8 16 19
27 11 14 1 16
27 11 26 11 1
27 11 29 10 2
27 11 16 25 17
27 11 1 12 26
27 11 11 19 17
27 11 7 4 21
27 11 3 16 24
27 11 2 1 26
27 11 28 22 11
27 11 1 6 26
27 11 2 10 25
27 11 25 29 18
27 11 10 18 18
27 11 10 27 23
27 11 21 10 6
27 11 10 9 17
27 11 4 1 25
27 11 19 21 12
27 11 5 2 23
27 11 1 9 26
27 11 8 11 19
27 11 17 7 10
27 11 0 13 27
27 11 19 13 8
27 11 5 22 24
27 11 16 24 17
27 11 14 11 13
27 11 30 16 5
27 11 20 15 8
10 22 21 17 12
10 22 8 0 22
10 22 0 26 10
10 22 23 23 13
10 22 16 11 12
10 22 9 23 1
10 22 8 16 6
10 22 14 1 21
10 22 26 11 19
10 22 29 10 22
10 22 16 25 6
10 22 1 12 13
10 22 11 19 3
10 22 7 4 18
10 22 3 16 9
10 22 2 1 22
10 22 28 22 18
10 22 1 6 18
10 22 2 10 14
10 22 25 29 16
10 22 10 18 4
10 22 10 27 5
10 22 21 10 16
10 22 10 9 13
10 22 4 1 21
10 22 19 21 9
10 22 5 2 20
10 22 1 9 15
10 22 8 11 11
10 22 17 7 16
10 22 0 13 13
10 22 19 13 12
10 22 5 22 5
10 22 16 24 6
10 22 14 11 11
10 22 30 16 20
10 22 20 15 12
21 17 8 0 21
21 17 0 26 22
21 17 23 23 6
21 17 16 11 7
21 17 9 23 13
21 17 8 16 13
21 17 14 1 17
21 17 26 11 7
21 17 29 10 10
21 17 16 25 9
21 17 1 12 20
21 17 11 19 10
21 17 7 4 19
21 17 3 16 18
21 17 2 1 24
21 17 28 22 8
21 17 1 6 22
21 17 2 10 20
21 17 25 29 12
21 17 10 18 11
21 17 10 27 14
21 17 21 10 7
21 17 10 9 13
21 17 4 1 23
21 17 19 21 4
21 17 5 2 21
21 17 1 9 21
21 17 8 11 14
21 17 17 7 10
21 17 0 13 21
21 17 19 13 4
21 17 5 22 16
21 17 16 24 8
21 17 14 11 9
21 17 30 16 9
21 17 20 15 2
8 0 0 26 27
8 0 23 23 27
8 0 16 11 13
8 0 9 23 23
8 0 8 16 16
8 0 14 1 6
8 0 26 11 21
8 0 29 10 23
8 0 16 25 26
8 0 1 12 13
8 0 11 19 19
8 0 7 4 4
8 0 3 16 16
8 0 2 1 6
8 0 28 22 29
8 0 1 6 9
8 0 2 10 11
8 0 25 29 33
8 0 10 18 18
8 0 10 27 27
8 0 21 10 16
8 0 10 9 9
8 0 4 1 4
8 0 19 21 23
8 0 5 2 3
8 0 1 9 11
8 0 8 11 11
8 0 17 7 11
8 0 0 13 15
8 0 19 13 17
8 0 5 22 22
8 0 16 24 25
8 0 14 11 12
8 0 30 16 27
8 0 20 15 19
0 26 23 23 23
0 26 16 11 21
0 26 9 23 9
0 26 8 16 12
0 26 14 1 28
0 26 26 11 30
0 26 29 10 33
0 26 16 25 16
0 26 1 12 14
0 26 11 19 13
0 26 7 4 23
0 26 3 16 10
0 26 2 1 25
0 26 28 22 28
0 26 1 6 20
0 26 2 10 16
0 26 25 29 25
0 26 10 18 12
0 26 10 27 10
0 26 21 10 26
0 26 10 9 19
0 26 4 1 25
0 26 19 21 19
0 26 5 2 24
0 26 1 9 17
0 26 8 11 17
0 26 17 7 25
0 26 0 13 13
0 26 19 13 23
0 26 5 22 6
0 26 16 24 16
0 26 14 11 20
0 26 30 16 31
0 26 20 15 22
23 23 16 11 13
23 23 9 23 14
23 23 8 16 16
23 23 14 1 23
23 23 26 11 12
23 23 29 10 14
23 23 16 25 7
23 23 1 12 24
23 23 11 19 12
23 23 7 4 24
23 23 3 16 21
23 23 2 1 30
23 23 28 22 5
23 23 1 6 27
23 23 2 10 24
23 23 25 29 6
23 23 10 18 13
23 23 10 27 13
23 23 21 10 13
23 23 10 9 19
23 23 4 1 29
23 23 19 21 4
23 23 5 2 27
23 23 1 9 26
23 23 8 11 19
23 23 17 7 17
23 23 0 13 25
23 23 19 13 10
23 23 5 22 18
23 23 16 24 7
23 23 14 11 15
23 23 30 16 9
23 23 20 15 8
16 11 9 23 13
16 11 8 16 9
16 11 14 1 10
16 11 26 11 10
16 11 29 10 13
16 11 16 25 14
16 11 1 12 15
16 11 11 19 9
16 11 7 4 11
16 11 3 16 13
16 11 2 1 17
16 11 28 22 16
16 11 1 6 15
16 11 2 10 14
16 11 25 29 20
16 11 10 18 9
16 11 10 27 17
16 11 21 10 5
16 11 10 9 6
16 11 4 1 15
16 11 19 21 10
16 11 5 2 14
16 11 1 9 15
16 11 8 11 8
16 11 17 7 4
16 11 0 13 16
16 11 19 13 3
16 11 5 22 15
16 11 16 24 13
16 11 14 11 2
16 11 30 16 14
16 11 20 15 5
9 23 8 16 7
9 23 14 1 22
9 23 26 11 20
9 23 29 10 23
9 23 16 25 7
9 23 1 12 13
9 23 11 19 4
9 23 7 4 19
9 23 3 16 9
9 23 2 1 23
9 23 28 22 19
9 23 1 6 18
9 23 2 10 14
9 23 25 29 17
9 23 10 18 5
9 23 10 27 4
9 23 21 10 17
9 23 10 9 14
9 23 4 1 22
9 23 19 21 10
9 23 5 2 21
9 23 1 9 16
9 23 8 11 12
9 23 17 7 17
9 23 0 13 13
9 23 19 13 14
9 23 5 22 4
9 23 16 24 7
9 23 14 11 13
9 23 30 16 22
9 23 20 15 13
8 16 14 1 16
8 16 26 11 18
8 16 29 10 21
8 16 16 25 12
8 16 1 12 8
8 16 11 19 4
8 16 7 4 12
8 16 3 16 5
8 16 2 1 16
8 16 28 22 20
8 16 1 6 12
8 16 2 10 8
8 16 25 29 21
8 16 10 18 2
8 16 10 27 11
8 16 21 10 14
8 16 10 9 7
8 16 4 1 15
8 16 19 21 12
8 16 5 2 14
8 16 1 9 9
8 16 8 11 5
8 16 17 7 12
8 16 0 13 8
8 16 19 13 11
8 16 5 22 6
8 16 16 24 11
8 16 14 11 7
8 16 30 16 22
8 16 20 15 12
14 1 26 11 15
14 1 29 10 17
14 1 16 25 24
14 1 1 12 17
14 1 11 19 18
14 1 7 4 7
14 1 3 16 18
14 1 2 1 12
14 1 28 22 25
14 1 1 6 13
14 1 2 10 15
14 1 25 29 30
14 1 10 18 17
14 1 10 27 26
14 1 21 10 11
14 1 10 9 8
14 1 4 1 10
14 1 19 21 20
14 1 5 2 9
14 1 1 9 15
14 1 8 11 11
14 1 17 7 6
14 1 0 13 18
14 1 19 13 13
14 1 5 22 22
14 1 16 24 23
14 1 14 11 10
14 1 30 16 21
14 1 20 15 15
26 11 29 10 3
26 11 16 25 17
26 11 1 12 25
26 11 11 19 17
26 11 7 4 20
26 11 3 16 23
26 11 2 1 26
26 11 28 22 11
26 11 1 6 25
26 11 2 10 24
26 11 25 29 18
26 11 10 18 17
26 11 10 27 22
26 11 21 10 5
26 11 10 9 16
26 11 4 1 24
26 11 19 21 12
26 11 5 2 22
26 11 1 9 25
26 11 8 11 18
26 11 17 7 9
26 11 0 13 26
26 11 19 13 7
26 11 5 22 23
26 11 16 24 16
26 11 14 11 12
26 11 30 16 6
26 11 20 15 7
29 10 16 25 19
29 10 1 12 28
29 10 11 19 20
29 10 7 4 22
29 10 3 16 26
29 10 2 1 28
29 10 28 22 12
29 10 1 6 28
29 10 2 10 27
29 10 25 29 19
29 10 10 18 20
29 10 10 27 25
29 10 21 10 8
29 10 10 9 19
29 10 4 1 26
29 10 19 21 14
29 10 5 2 25
29 10 1 9 28
29 10 8 11 21
29 10 17 7 12
29 10 0 13 29
29 10 19 13 10
29 10 5 22 26
29 10 16 24 19
29 10 14 11 15
29 10 30 16 6
29 10 20 15 10
16 25 1 12 19
16 25 11 19 7
16 25 7 4 22
16 25 3 16 15
16 25 2 1 27
16 25 28 22 12
16 25 1 6 24
16 25 2 10 20
16 25 25 29 9
16 25 10 18 9
16 25 10 27 6
16 25 21 10 15
16 25 10 9 17
16 25 4 1 26
16 25 19 21 5
16 25 5 2 25
16 25 1 9 21
16 25 8 11 16
16 25 17 7 18
16 25 0 13 20
16 25 19 13 12
16 25 5 22 11
16 25 16 24 1
16 25 14 11 14
16 25 30 16 16
16 25 20 15 10
1 12 11 19 12
1 12 7 4 10
1 12 3 16 4
1 12 2 1 11
1 12 28 22 28
1 12 1 6 6
1 12 2 10 2
1 12 25 29 29
1 12 10 18 10
1 12 10 27 17
1 12 21 10 20
1 12 10 9 9
1 12 4 1 11
1 12 19 21 20
1 12 5 2 10
1 12 1 9 3
1 12 8 11 7
1 12 17 7 16
1 12 0 13 1
1 12 19 13 18
1 12 5 22 10
1 12 16 24 19
1 12 14 11 13
1 12 30 16 29
1 12 20 15 19
11 19 7 4 15
11 19 3 16 8
11 19 2 1 20
11 19 28 22 17
11 19 1 6 16
11 19 2 10 12
11 19 25 29 17
11 19 10 18 1
11 19 10 27 8
11 19 21 10 13
11 19 10 9 10
11 19 4 1 19
11 19 19 21 8
11 19 5 2 18
11 19 1 9 14
11 19 8 11 8
11 19 17 7 13
11 19 0 13 12
11 19 19 13 10
11 19 5 22 6
11 19 16 24 7
11 19 14 11 8
11 19 30 16 19
11 19 20 15 9
7 4 3 16 12
7 4 2 1 5
7 4 28 22 27
7 4 1 6 6
7 4 2 10 7
7 4 25 29 30
7 4 10 18 14
7 4 10 27 23
7 4 21 10 15
7 4 10 9 5
7 4 4 1 4
7 4 19 21 20
7 4 5 2 2
7 4 1 9 7
7 4 8 11 7
7 4 17 7 10
7 4 0 13 11
7 4 19 13 15
7 4 5 22 18
7 4 16 24 21
7 4 14 11 9
7 4 30 16 25
7 4 20 15 17
3 16 2 1 15
3 16 28 22 25
3 16 1 6 10
3 16 2 10 6
3 16 25 29 25
3 16 10 18 7
3 16 10 27 13
3 16 21 10 18
3 16 10 9 9
3 16 4 1 15
3 16 19 21 16
3 16 5 2 14
3 16 1 9 7
3 16 8 11 7
3 16 17 7 16
3 16 0 13 4
3 16 19 13 16
3 16 5 22 6
3 16 16 24 15
3 16 14 11 12
3 16 30 16 27
3 16 20 15 17
2 1 28 22 33
2 1 1 6 5
2 1 2 10 9
2 1 25 29 36
2 1 10 18 18
2 1 10 27 27
2 1 21 10 21
2 1 10 9 11
2 1 4 1 2
2 1 19 21 26
2 1 5 2 3
2 1 1 9 8
2 1 8 11 11
2 1 17 7 16
2 1 0 13 12
2 1 19 13 20
2 1 5 22 21
2 1 16 24 26
2 1 14 11 15
2 1 30 16 31
2 1 20 15 22
28 22 1 6 31
28 22 2 10 28
28 22 25 29 7
28 22 10 18 18
28 22 10 27 18
28 22 21 10 13
28 22 10 9 22
28 22 4 1 31
28 22 19 21 9
28 22 5 2 30
28 22 1 9 29
28 22 8 11 22
28 22 17 7 18
28 22 0 13 29
28 22 19 13 12
28 22 5 22 23
28 22 16 24 12
28 22 14 11 17
28 22 30 16 6
28 22 20 15 10
1 6 2 10 4
1 6 25 29 33
1 6 10 18 15
1 6 10 27 22
1 6 21 10 20
1 6 10 9 9
1 6 4 1 5
1 6 19 21 23
1 6 5 2 5
1 6 1 9 3
1 6 8 11 8
1 6 17 7 16
1 6 0 13 7
1 6 19 13 19
1 6 5 22 16
1 6 16 24 23
1 6 14 11 13
1 6 30 16 30
1 6 20 15 21
2 10 25 29 29
2 10 10 18 11
2 10 10 27 18
2 10 21 10 19
2 10 10 9 8
2 10 4 1 9
2 10 19 21 20
2 10 5 2 8
2 10 1 9 1
2 10 8 11 6
2 10 17 7 15
2 10 0 13 3
2 10 19 13 17
2 10 5 22 12
2 10 16 24 19
2 10 14 11 12
2 10 30 16 28
2 10 20 15 18
25 29 10 18 18
25 29 10 27 15
25 29 21 10 19
25 29 10 9 25
25 29 4 1 35
25 29 19 21 10
25 29 5 2 33
25 29 1 9 31
25 29 8 11 24
25 29 17 7 23
25 29 0 13 29
25 29 19 13 17
25 29 5 22 21
25 29 16 24 10
25 29 14 11 21
25 29 30 16 13
25 29 20 15 14
10 18 10 27 9
10 18 21 10 13
10 18 10 9 9
10 18 4 1 18
10 18 19 21 9
10 18 5 2 16
10 18 1 9 12
10 18 8 11 7
10 18 17 7 13
10 18 0 13 11
10 18 19 13 10
10 18 5 22 6
10 18 16 24 8
10 18 14 11 8
10 18 30 16 20
10 18 20 15 10
10 27 21 10 20
10 27 10 9 18
10 27 4 1 26
10 27 19 21 10
10 27 5 2 25
10 27 1 9 20
10 27 8 11 16
10 27 17 7 21
10 27 0 13 17
10 27 19 13 16
10 27 5 22 7
10 27 16 24 6
10 27 14 11 16
10 27 30 16 22
10 27 20 15 15
21 10 10 9 11
21 10 4 1 19
21 10 19 21 11
21 10 5 2 17
21 10 1 9 20
21 10 8 11 13
21 10 17 7 5
21 10 0 13 21
21 10 19 13 3
21 10 5 22 20
21 10 16 24 14
21 10 14 11 7
21 10 30 16 10
21 10 20 15 5
10 9 4 1 10
10 9 19 21 15
10 9 5 2 8
10 9 1 9 9
10 9 8 11 2
10 9 17 7 7
10 9 0 13 10
10 9 19 13 9
10 9 5 22 13
10 9 16 24 16
10 9 14 11 4
10 9 30 16 21
10 9 20 15 11
4 1 19 21 25
4 1 5 2 1
4 1 1 9 8
4 1 8 11 10
4 1 17 7 14
4 1 0 13 12
4 1 19 13 19
4 1 5 22 21
4 1 16 24 25
4 1 14 11 14
4 1 30 16 30
4 1 20 15 21
19 21 5 2 23
19 21 1 9 21
19 21 8 11 14
19 21 17 7 14
19 21 0 13 20
19 21 19 13 8
19 21 5 22 14
19 21 16 24 4
19 21 14 11 11
19 21 30 16 12
19 21 20 15 6
5 2 1 9 8
5 2 8 11 9
5 2 17 7 13
5 2 0 13 12
5 2 19 13 17
5 2 5 22 20
5 2 16 24 24
5 2 14 11 12
5 2 30 16 28
5 2 20 15 19
1 9 8 11 7
1 9 17 7 16
1 9 0 13 4
1 9 19 13 18
1 9 5 22 13
1 9 16 24 21
1 9 14 11 13
1 9 30 16 29
1 9 20 15 19
8 11 17 7 9
8 11 0 13 8
8 11 19 13 11
8 11 5 22 11
8 11 16 24 15
8 11 14 11 6
8 11 30 16 22
8 11 20 15 12
17 7 0 13 18
17 7 19 13 6
17 7 5 22 19
17 7 16 24 17
17 7 14 11 5
17 7 30 16 15
17 7 20 15 8
0 13 19 13 19
0 13 5 22 10
0 13 16 24 19
0 13 14 11 14
0 13 30 16 30
0 13 20 15 20
19 13 5 22 16
19 13 16 24 11
19 13 14 11 5
19 13 30 16 11
19 13 20 15 2
5 22 16 24 11
5 22 14 11 14
5 22 30 16 25
5 22 20 15 16
16 24 14 11 13
16 24 30 16 16
16 24 20 15 9
14 11 30 16 16
14 11 20 15 7
30 16 20 15 10
-
0 1 103
1 0 103
0 2 105
2 0 105
0 3 81
3 0 81
0 4 52
4 0 52
0 5 103
5 0 103
0 6 26
6 0 26
0 7 1
7 0 1
0 8 101
8 0 101
0 9 52
9 0 52
0 10 27
10 0 27
0 11 104
11 0 104
0 12 99
12 0 99
0 13 91
13 0 91
0 14 30
14 0 30
0 15 37
15 0 37
0 16 79
16 0 79
0 17 81
17 0 81
0 18 31
18 0 31
0 19 105
19 0 105
0 20 93
20 0 93
0 21 27
21 0 27
0 22 1
22 0 1
0 23 35
23 0 35
0 24 79
24 0 79
0 25 18
25 0 18
0 26 20
26 0 20
0 27 16
27 0 16
0 28 9
28 0 9
0 29 85
29 0 85
0 30 77
30 0 77
0 31 57
31 0 57
0 32 67
32 0 67
0 33 68
33 0 68
0 34 32
34 0 32
0 35 112
35 0 112
0 36 33
36 0 33
0 37 3
37 0 3
0 38 9
38 0 9
0 39 81
39 0 81
0 40 109
40 0 109
0 41 67
41 0 67
0 42 73
42 0 73
0 43 1
43 0 1
0 44 23
44 0 23
0 45 51
45 0 51
0 46 96
46 0 96
0 47 78
47 0 78
0 48 20
48 0 20
0 49 46
49 0 46
0 50 88
50 0 88
0 51 21
51 0 21
0 52 20
52 0 20
0 53 17
53 0 17
0 54 19
54 0 19
0 55 61
55 0 61
0 56 52
56 0 52
0 57 52
57 0 52
0 58 107
58 0 107
0 59 89
59 0 89
1 2 51
2 1 51
1 3 84
3 1 84
1 4 79
4 1 79
1 5 27
5 1 27
1 6 53
6 1 53
1 7 73
7 1 73
1 8 48
8 1 48
1 9 82
9 1 82
1 10 29
10 1 29
1 11 112
11 1 112
1 12 45
12 1 45
1 13 10
13 1 10
1 14 91
14 1 91
1 15 34
15 1 34
1 16 101
16 1 101
1 17 19
17 1 19
1 18 96
18 1 96
1 19 55
19 1 55
1 20 21
20 1 21
1 21 99
21 1 99
1 22 102
22 1 102
1 23 105
23 1 105
1 24 80
24 1 80
1 25 3
25 1 3
1 26 66
26 1 66
1 27 65
27 1 65
1 28 36
28 1 36
1 29 111
29 1 111
1 30 46
30 1 46
1 31 102
31 1 102
1 32 100
32 1 100
1 33 2
33 1 2
1 34 78
34 1 78
1 35 113
35 1 113
1 36 62
36 1 62
1 37 13
37 1 13
1 38 4
38 1 4
1 39 89
39 1 89
1 40 60
40 1 60
1 41 87
41 1 87
1 42 108
42 1 108
1 43 103
43 1 103
1 44 89
44 1 89
1 45 100
45 1 100
1 46 78
46 1 78
1 47 100
47 1 100
1 48 90
48 1 90
1 49 20
49 1 20
1 50 66
50 1 66
1 51 20
51 1 20
1 52 58
52 1 58
1 53 19
53 1 19
1 54 97
54 1 97
1 55 65
55 1 65
1 56 68
56 1 68
1 57 10
57 1 10
1 58 38
58 1 38
1 59 37
59 1 37
2 3 13
3 2 13
2 4 84
4 2 84
2 5 26
5 2 26
2 6 79
6 2 79
2 7 112
7 2 112
2 8 66
8 2 66
2 9 66
9 2 66
2 10 7
10 2 7
2 11 49
11 2 49
2 12 27
12 2 27
2 13 110
13 2 110
2 14 88
14 2 88
2 15 58
15 2 58
2 16 40
16 2 40
2 17 28
17 2 28
2 18 113
18 2 113
2 19 33
19 2 33
2 20 57
20 2 57
2 21 52
21 2 52
2 22 40
22 2 40
2 23 54
23 2 54
2 24 31
24 2 31
2 25 78
25 2 78
2 26 102
26 2 102
2 27 57
27 2 57
2 28 75
28 2 75
2 29 41
29 2 41
2 30 73
30 2 73
2 31 59
31 2 59
2 32 109
32 2 109
2 33 93
33 2 93
2 34 81
34 2 81
2 35 29
35 2 29
2 36 101
36 2 101
2 37 66
37 2 66
2 38 41
38 2 41
2 39 47
39 2 47
2 40 101
40 2 101
2 41 9
41 2 9
2 42 34
42 2 34
2 43 97
43 2 97
2 44 48
44 2 48
2 45 22
45 2 22
2 46 40
46 2 40
2 47 9
47 2 9
2 48 85
48 2 85
2 49 47
49 2 47
2 50 11
50 2 11
2 51 65
51 2 65
2 52 12
52 2 12
2 53 112
53 2 112
2 54 96
54 2 96
2 55 20
55 2 20
2 56 119
56 2 119
2 57 68
57 2 68
2 58 105
58 2 105
2 59 79
59 2 79
3 4 103
4 3 103
3 5 54
5 3 54
3 6 19
6 3 19
3 7 44
7 3 44
3 8 120
8 3 120
3 9 101
9 3 101
3 10 111
10 3 111
3 11 73
11 3 73
3 12 89
12 3 89
3 13 76
13 3 76
3 14 87
14 3 87
3 15 58
15 3 58
3 16 21
16 3 21
3 17 49
17 3 49
3 18 88
18 3 88
3 19 4
19 3 4
3 20 29
20 3 29
3 21 44
21 3 44
3 22 20
22 3 20
3 23 33
23 3 33
3 24 45
24 3 45
3 25 95
25 3 95
3 26 17
26 3 17
3 27 34
27 3 34
3 28 87
28 3 87
3 29 20
29 3 20
3 30 13
30 3 13
3 31 29
31 3 29
3 32 76
32 3 76
3 33 59
33 3 59
3 34 109
34 3 109
3 35 50
35 3 50
3 36 16
36 3 16
3 37 81
37 3 81
3 38 108
38 3 108
3 39 14
39 3 14
3 40 60
40 3 60
3 41 10
41 3 10
3 42 42
42 3 42
3 43 47
43 3 47
3 44 21
44 3 21
3 45 25
45 3 25
3 46 26
46 3 26
3 47 88
47 3 88
3 48 34
48 3 34
3 49 65
49 3 65
3 50 33
50 3 33
3 51 60
51 3 60
3 52 60
52 3 60
3 53 12
53 3 12
3 54 54
54 3 54
3 55 110
55 3 110
3 56 45
56 3 45
3 57 69
57 3 69
3 58 41
58 3 41
3 59 110
59 3 110
4 5 84
5 4 84
4 6 114
6 4 114
4 7 27
7 4 27
4 8 42
8 4 42
4 9 66
9 4 66
4 10 66
10 4 66
4 11 117
11 4 117
4 12 84
12 4 84
4 13 84
13 4 84
4 14 51
14 4 51
4 15 106
15 4 106
4 16 34
16 4 34
4 17 12
17 4 12
4 18 115
18 4 115
4 19 36
19 4 36
4 20 5
20 4 5
4 21 42
21 4 42
4 22 81
22 4 81
4 23 114
23 4 114
4 24 41
24 4 41
4 25 68
25 4 68
4 26 60
26 4 60
4 27 20
27 4 20
4 28 91
28 4 91
4 29 7
29 4 7
4 30 95
30 4 95
4 31 31
31 4 31
4 32 101
32 4 101
4 33 107
33 4 107
4 34 1
34 4 1
4 35 93
35 4 93
4 36 25
36 4 25
4 37 119
37 4 119
4 38 2
38 4 2
4 39 36
39 4 36
4 40 46
40 4 46
4 41 89
41 4 89
4 42 87
42 4 87
4 43 94
43 4 94
4 44 63
44 4 63
4 45 62
45 4 62
4 46 41
46 4 41
4 47 44
47 4 44
4 48 102
48 4 102
4 49 3
49 4 3
4 50 6
50 4 6
4 51 106
51 4 106
4 52 106
52 4 106
4 53 88
53 4 88
4 54 10
54 4 10
4 55 4
55 4 4
4 56 48
56 4 48
4 57 100
57 4 100
4 58 51
58 4 51
4 59 113
59 4 113
5 6 73
6 5 73
5 7 98
7 5 98
5 8 76
8 5 76
5 9 18
9 5 18
5 10 107
10 5 107
5 11 83
11 5 83
5 12 65
12 5 65
5 13 103
13 5 103
5 14 18
14 5 18
5 15 53
15 5 53
5 16 35
16 5 35
5 17 10
17 5 10
5 18 89
18 5 89
5 19 85
19 5 85
5 20 40
20 5 40
5 21 81
21 5 81
5 22 54
22 5 54
5 23 111
23 5 111
5 24 19
24 5 19
5 25 117
25 5 117
5 26 80
26 5 80
5 27 86
27 5 86
5 28 72
28 5 72
5 29 111
29 5 111
5 30 63
30 5 63
5 31 11
31 5 11
5 32 62
32 5 62
5 33 80
33 5 80
5 34 17
34 5 17
5 35 11
35 5 11
5 36 79
36 5 79
5 37 23
37 5 23
5 38 104
38 5 104
5 39 60
39 5 60
5 40 72
40 5 72
5 41 48
41 5 48
5 42 20
42 5 20
5 43 31
43 5 31
5 44 86
44 5 86
5 45 111
45 5 111
5 46 28
46 5 28
5 47 107
47 5 107
5 48 37
48 5 37
5 49 107
49 5 107
5 50 43
50 5 43
5 51 112
51 5 112
5 52 82
52 5 82
5 53 87
53 5 87
5 54 113
54 5 113
5 55 23
55 5 23
5 56 91
56 5 91
5 57 95
57 5 95
5 58 64
58 5 64
5 59 9
59 5 9
6 7 68
7 6 68
6 8 75
8 6 75
6 9 52
9 6 52
6 10 44
10 6 44
6 11 55
11 6 55
6 12 85
12 6 85
6 13 74
13 6 74
6 14 60
14 6 60
6 15 25
15 6 25
6 16 43
16 6 43
6 17 86
17 6 86
6 18 62
18 6 62
6 19 113
19 6 113
6 20 3
20 6 3
6 21 85
21 6 85
6 22 13
22 6 13
6 23 102
23 6 102
6 24 2
24 6 2
6 25 85
25 6 85
6 26 118
26 6 118
6 27 51
27 6 51
6 28 30
28 6 30
6 29 120
29 6 120
6 30 4
30 6 4
6 31 62
31 6 62
6 32 3
32 6 3
6 33 118
33 6 118
6 34 56
34 6 56
6 35 100
35 6 100
6 36 57
36 6 57
6 37 97
37 6 97
6 38 50
38 6 50
6 39 96
39 6 96
6 40 77
40 6 77
6 41 36
41 6 36
6 42 52
42 6 52
6 43 26
43 6 26
6 44 34
44 6 34
6 45 14
45 6 14
6 46 11
46 6 11
6 47 35
47 6 35
6 48 118
48 6 118
6 49 56
49 6 56
6 50 76
50 6 76
6 51 93
51 6 93
6 52 42
52 6 42
6 53 60
53 6 60
6 54 108
54 6 108
6 55 16
55 6 16
6 56 88
56 6 88
6 57 106
57 6 106
6 58 50
58 6 50
6 59 23
59 6 23
7 8 103
8 7 103
7 9 16
9 7 16
7 10 113
10 7 113
7 11 82
11 7 82
7 12 75
12 7 75
7 13 81
13 7 81
7 14 116
14 7 116
7 15 39
15 7 39
7 16 113
16 7 113
7 17 66
17 7 66
7 18 106
18 7 106
7 19 43
19 7 43
7 20 106
20 7 106
7 21 14
21 7 14
7 22 60
22 7 60
7 23 50
23 7 50
7 24 76
24 7 76
7 25 116
25 7 116
7 26 114
26 7 114
7 27 22
27 7 22
7 28 105
28 7 105
7 29 65
29 7 65
7 30 8
30 7 8
7 31 92
31 7 92
7 32 29
32 7 29
7 33 21
33 7 21
7 34 6
34 7 6
7 35 101
35 7 101
7 36 14
36 7 14
7 37 21
37 7 21
7 38 38
38 7 38
7 39 78
39 7 78
7 40 74
40 7 74
7 41 50
41 7 50
7 42 107
42 7 107
7 43 29
43 7 29
7 44 115
44 7 115
7 45 70
45 7 70
7 46 19
46 7 19
7 47 10
47 7 10
7 48 7
48 7 7
7 49 41
49 7 41
7 50 32
50 7 32
7 51 46
51 7 46
7 52 37
52 7 37
7 53 59
53 7 59
7 54 50
54 7 50
7 55 115
55 7 115
7 56 102
56 7 102
7 57 117
57 7 117
7 58 72
58 7 72
7 59 6
59 7 6
8 9 17
9 8 17
8 10 96
10 8 96
8 11 118
11 8 118
8 12 39
12 8 39
8 13 71
13 8 71
8 14 16
14 8 16
8 15 15
15 8 15
8 16 109
16 8 109
8 17 63
17 8 63
8 18 73
18 8 73
8 19 87
19 8 87
8 20 75
20 8 75
8 21 83
21 8 83
8 22 5
22 8 5
8 23 60
23 8 60
8 24 47
24 8 47
8 25 68
25 8 68
8 26 82
26 8 82
8 27 18
27 8 18
8 28 104
28 8 104
8 29 72
29 8 72
8 30 103
30 8 103
8 31 119
31 8 119
8 32 91
32 8 91
8 33 100
33 8 100
8 34 72
34 8 72
8 35 35
35 8 35
8 36 93
36 8 93
8 37 85
37 8 85
8 38 91
38 8 91
8 39 101
39 8 101
8 40 86
40 8 86
8 41 58
41 8 58
8 42 19
42 8 19
8 43 48
43 8 48
8 44 26
44 8 26
8 45 9
45 8 9
8 46 21
46 8 21
8 47 46
47 8 46
8 48 106
48 8 106
8 49 104
49 8 104
8 50 15
50 8 15
8 51 36
51 8 36
8 52 42
52 8 42
8 53 107
53 8 107
8 54 63
54 8 63
8 55 111
55 8 111
8 56 71
56 8 71
8 57 61
57 8 61
8 58 16
58 8 16
8 59 111
59 8 111
9 10 79
10 9 79
9 11 94
11 9 94
9 12 57
12 9 57
9 13 51
13 9 51
9 14 43
14 9 43
9 15 103
15 9 103
9 16 6
16 9 6
9 17 1
17 9 1
9 18 57
18 9 57
9 19 69
19 9 69
9 20 10
20 9 10
9 21 91
21 9 91
9 22 109
22 9 109
9 23 11
23 9 11
9 24 92
24 9 92
9 25 18
25 9 18
9 26 106
26 9 106
9 27 73
27 9 73
9 28 104
28 9 104
9 29 81
29 9 81
9 30 53
30 9 53
9 31 84
31 9 84
9 32 62
32 9 62
9 33 79
33 9 79
9 34 20
34 9 20
9 35 31
35 9 31
9 36 76
36 9 76
9 37 96
37 9 96
9 38 7
38 9 7
9 39 14
39 9 14
9 40 115
40 9 115
9 41 3
41 9 3
9 42 6
42 9 6
9 43 96
43 9 96
9 44 27
44 9 27
9 45 56
45 9 56
9 46 116
46 9 116
9 47 35
47 9 35
9 48 28
48 9 28
9 49 87
49 9 87
9 50 11
50 9 11
9 51 88
51 9 88
9 52 108
52 9 108
9 53 61
53 9 61
9 54 98
54 9 98
9 55 29
55 9 29
9 56 42
56 9 42
9 57 67
57 9 67
9 58 120
58 9 120
9 59 75
59 9 75
10 11 1
11 10 1
10 12 74
12 10 74
10 13 94
13 10 94
10 14 86
14 10 86
10 15 76
15 10 76
10 16 80
16 10 80
10 17 22
17 10 22
10 18 39
18 10 39
10 19 56
19 10 56
10 20 100
20 10 100
10 21 20
21 10 20
10 22 64
22 10 64
10 23 48
23 10 48
10 24 96
24 10 96
10 25 50
25 10 50
10 26 3
26 10 3
10 27 5
27 10 5
10 28 16
28 10 16
10 29 86
29 10 86
10 30 59
30 10 59
10 31 99
31 10 99
10 32 19
32 10 19
10 33 10
33 10 10
10 34 62
34 10 62
10 35 12
35 10 12
10 36 62
36 10 62
10 37 101
37 10 101
10 38 49
38 10 49
10 39 25
39 10 25
10 40 24
40 10 24
10 41 64
41 10 64
10 42 28
42 10 28
10 43 68
43 10 68
10 44 51
44 10 51
10 45 75
45 10 75
10 46 54
46 10 54
10 47 94
47 10 94
10 48 30
48 10 30
10 49 96
49 10 96
10 50 16
50 10 16
10 51 66
51 10 66
10 52 114
52 10 114
10 53 69
53 10 69
10 54 55
54 10 55
10 55 61
55 10 61
10 56 119
56 10 119
10 57 69
57 10 69
10 58 66
58 10 66
10 59 38
59 10 38
11 12 19
12 11 19
11 13 118
13 11 118
11 14 1
14 11 1
11 15 12
15 11 12
11 16 30
16 11 30
11 17 6
17 11 6
11 18 37
18 11 37
11 19 92
19 11 92
11 20 117
20 11 117
11 21 69
21 11 69
11 22 62
22 11 62
11 23 30
23 11 30
11 24 5
24 11 5
11 25 115
25 11 115
11 26 30
26 11 30
11 27 117
27 11 117
11 28 28
28 11 28
11 29 57
29 11 57
11 30 66
30 11 66
11 31 85
31 11 85
11 32 109
32 11 109
11 33 12
33 11 12
11 34 99
34 11 99
11 35 41
35 11 41
11 36 110
36 11 110
11 37 20
37 11 20
11 38 21
38 11 21
11 39 59
39 11 59
11 40 1
40 11 1
11 41 77
41 11 77
11 42 117
42 11 117
11 43 118
43 11 118
11 44 22
44 11 22
11 45 30
45 11 30
11 46 31
46 11 31
11 47 87
47 11 87
11 48 24
48 11 24
11 49 64
49 11 64
11 50 104
50 11 104
11 51 57
51 11 57
11 52 72
52 11 72
11 53 37
53 11 37
11 54 117
54 11 117
11 55 73
55 11 73
11 56 26
56 11 26
11 57 4
57 11 4
11 58 35
58 11 35
11 59 46
59 11 46
12 13 34
13 12 34
12 14 99
14 12 99
12 15 54
15 12 54
12 16 119
16 12 119
12 17 44
17 12 44
12 18 11
18 12 11
12 19 49
19 12 49
12 20 74
20 12 74
12 21 47
21 12 47
12 22 117
22 12 117
12 23 1
23 12 1
12 24 32
24 12 32
12 25 106
25 12 106
12 26 38
26 12 38
12 27 91
27 12 91
12 28 16
28 12 16
12 29 19
29 12 19
12 30 51
30 12 51
12 31 27
31 12 27
12 32 22
32 12 22
12 33 94
33 12 94
12 34 50
34 12 50
12 35 61
35 12 61
12 36 109
36 12 109
12 37 50
37 12 50
12 38 111
38 12 111
12 39 18
39 12 18
12 40 106
40 12 106
12 41 57
41 12 57
12 42 37
42 12 37
12 43 51
43 12 51
12 44 37
44 12 37
12 45 70
45 12 70
12 46 96
46 12 96
12 47 101
47 12 101
12 48 11
48 12 11
12 49 36
49 12 36
12 50 111
50 12 111
12 51 48
51 12 48
12 52 67
52 12 67
12 53 86
53 12 86
12 54 14
54 12 14
12 55 43
55 12 43
12 56 63
56 12 63
12 57 13
57 12 13
12 58 79
58 12 79
12 59 1
59 12 1
13 14 70
14 13 70
13 15 72
15 13 72
13 16 9
16 13 9
13 17 64
17 13 64
13 18 60
18 13 60
13 19 86
19 13 86
13 20 1
20 13 1
13 21 82
21 13 82
13 22 46
22 13 46
13 23 119
23 13 119
13 24 48
24 13 48
13 25 92
25 13 92
13 26 41
26 13 41
13 27 11
27 13 11
13 28 39
28 13 39
13 29 17
29 13 17
13 30 27
30 13 27
13 31 12
31 13 12
13 32 65
32 13 65
13 33 68
33 13 68
13 34 88
34 13 88
13 35 44
35 13 44
13 36 2
36 13 2
13 37 105
37 13 105
13 38 94
38 13 94
13 39 104
39 13 104
13 40 99
40 13 99
13 41 34
41 13 34
13 42 114
42 13 114
13 43 98
43 13 98
13 44 96
44 13 96
13 45 27
45 13 27
13 46 52
46 13 52
13 47 65
47 13 65
13 48 23
48 13 23
13 49 4
49 13 4
13 50 87
50 13 87
13 51 46
51 13 46
13 52 49
52 13 49
13 53 108
53 13 108
13 54 21
54 13 21
13 55 110
55 13 110
13 56 3
56 13 3
13 57 37
57 13 37
13 58 108
58 13 108
13 59 27
59 13 27
14 15 85
15 14 85
14 16 71
16 14 71
14 17 8
17 14 8
14 18 111
18 14 111
14 19 43
19 14 43
14 20 78
20 14 78
14 21 51
21 14 51
14 22 18
22 14 18
14 23 82
23 14 82
14 24 16
24 14 16
14 25 39
25 14 39
14 26 43
26 14 43
14 27 48
27 14 48
14 28 118
28 14 118
14 29 61
29 14 61
14 30 82
30 14 82
14 31 89
31 14 89
14 32 77
32 14 77
14 33 87
33 14 87
14 34 97
34 14 97
14 35 29
35 14 29
14 36 43
36 14 43
14 37 71
37 14 71
14 38 34
38 14 34
14 39 13
39 14 13
14 40 13
40 14 13
14 41 37
41 14 37
14 42 11
42 14 11
14 43 72
43 14 72
14 44 57
44 14 57
14 45 43
45 14 43
14 46 98
46 14 98
14 47 81
47 14 81
14 48 113
48 14 113
14 49 65
49 14 65
14 50 4
50 14 4
14 51 103
51 14 103
14 52 71
52 14 71
14 53 80
53 14 80
14 54 85
54 14 85
14 55 71
55 14 71
14 56 4
56 14 4
14 57 18
57 14 18
14 58 106
58 14 106
14 59 67
59 14 67
15 16 82
16 15 82
15 17 92
17 15 92
15 18 46
18 15 46
15 19 4
19 15 4
15 20 106
20 15 106
15 21 116
21 15 116
15 22 48
22 15 48
15 23 13
23 15 13
15 24 49
24 15 49
15 25 32
25 15 32
15 26 11
26 15 11
15 27 6
27 15 6
15 28 31
28 15 31
15 29 82
29 15 82
15 30 42
30 15 42
15 31 102
31 15 102
15 32 9
32 15 9
15 33 118
33 15 118
15 34 3
34 15 3
15 35 7
35 15 7
15 36 42
36 15 42
15 37 51
37 15 51
15 38 40
38 15 40
15 39 101
39 15 101
15 40 33
40 15 33
15 41 32
41 15 32
15 42 108
42 15 108
15 43 14
43 15 14
15 44 46
44 15 46
15 45 109
45 15 109
15 46 80
46 15 80
15 47 2
47 15 2
15 48 68
48 15 68
15 49 55
49 15 55
15 50 16
50 15 16
15 51 41
51 15 41
15 52 40
52 15 40
15 53 27
53 15 27
15 54 88
54 15 88
15 55 10
55 15 10
15 56 96
56 15 96
15 57 72
57 15 72
15 58 14
58 15 14
15 59 54
59 15 54
16 17 94
17 16 94
16 18 46
18 16 46
16 19 101
19 16 101
16 20 21
20 16 21
16 21 117
21 16 117
16 22 94
22 16 94
16 23 55
23 16 55
16 24 15
24 16 15
16 25 85
25 16 85
16 26 69
26 16 69
16 27 102
27 16 102
16 28 88
28 16 88
16 29 53
29 16 53
16 30 91
30 16 91
16 31 23
31 16 23
16 32 103
32 16 103
16 33 5
33 16 5
16 34 53
34 16 53
16 35 107
35 16 107
16 36 1
36 16 1
16 37 26
37 16 26
16 38 30
38 16 30
16 39 49
39 16 49
16 40 45
40 16 45
16 41 50
41 16 50
16 42 83
42 16 83
16 43 58
43 16 58
16 44 53
44 16 53
16 45 116
45 16 116
16 46 30
46 16 30
16 47 34
47 16 34
16 48 113
48 16 113
16 49 55
49 16 55
16 50 86
50 16 86
16 51 57
51 16 57
16 52 88
52 16 88
16 53 11
53 16 11
16 54 38
54 16 38
16 55 87
55 16 87
16 56 114
56 16 114
16 57 2
57 16 2
16 58 119
58 16 119
16 59 54
59 16 54
17 18 38
18 17 38
17 19 72
19 17 72
17 20 106
20 17 106
17 21 55
21 17 55
17 22 83
22 17 83
17 23 99
23 17 99
17 24 8
24 17 8
17 25 60
25 17 60
17 26 75
26 17 75
17 27 47
27 17 47
17 28 67
28 17 67
17 29 1
29 17 1
17 30 107
30 17 107
17 31 83
31 17 83
17 32 112
32 17 112
17 33 79
33 17 79
17 34 34
34 17 34
17 35 84
35 17 84
17 36 99
36 17 99
17 37 84
37 17 84
17 38 69
38 17 69
17 39 45
39 17 45
17 40 43
40 17 43
17 41 53
41 17 53
17 42 46
42 17 46
17 43 83
43 17 83
17 44 119
44 17 119
17 45 54
45 17 54
17 46 9
46 17 9
17 47 16
47 17 16
17 48 70
48 17 70
17 49 111
49 17 111
17 50 28
50 17 28
17 51 111
51 17 111
17 52 81
52 17 81
17 53 51
53 17 51
17 54 106
54 17 106
17 55 114
55 17 114
17 56 61
56 17 61
17 57 14
57 17 14
17 58 75
58 17 75
17 59 92
59 17 92
18 19 12
19 18 12
18 20 120
20 18 120
18 21 66
21 18 66
18 22 29
22 18 29
18 23 16
23 18 16
18 24 94
24 18 94
18 25 26
25 18 26
18 26 11
26 18 11
18 27 68
27 18 68
18 28 22
28 18 22
18 29 52
29 18 52
18 30 92
30 18 92
18 31 59
31 18 59
18 32 78
32 18 78
18 33 76
33 18 76
18 34 103
34 18 103
18 35 46
35 18 46
18 36 6
36 18 6
18 37 36
37 18 36
18 38 75
38 18 75
18 39 77
39 18 77
18 40 64
40 18 64
18 41 2
41 18 2
18 42 5
42 18 5
18 43 55
43 18 55
18 44 87
44 18 87
18 45 44
45 18 44
18 46 97
46 18 97
18 47 42
47 18 42
18 48 31
48 18 31
18 49 16
49 18 16
18 50 28
50 18 28
18 51 40
51 18 40
18 52 88
52 18 88
18 53 83
53 18 83
18 54 35
54 18 35
18 55 11
55 18 11
18 56 32
56 18 32
18 57 91
57 18 91
18 58 85
58 18 85
18 59 72
59 18 72
19 20 99
20 19 99
19 21 63
21 19 63
19 22 46
22 19 46
19 23 17
23 19 17
19 24 52
24 19 52
19 25 61
25 19 61
19 26 100
26 19 100
19 27 67
27 19 67
19 28 15
28 19 15
19 29 68
29 19 68
19 30 61
30 19 61
19 31 21
31 19 21
19 32 60
32 19 60
19 33 89
33 19 89
19 34 66
34 19 66
19 35 24
35 19 24
19 36 85
36 19 85
19 37 49
37 19 49
19 38 34
38 19 34
19 39 46
39 19 46
19 40 69
40 19 69
19 41 36
41 19 36
19 42 45
42 19 45
19 43 70
43 19 70
19 44 7
44 19 7
19 45 65
45 19 65
19 46 21
46 19 21
19 47 28
47 19 28
19 48 15
48 19 15
19 49 79
49 19 79
19 50 71
50 19 71
19 51 34
51 19 34
19 52 18
52 19 18
19 53 73
53 19 73
19 54 10
54 19 10
19 55 67
55 19 67
19 56 74
56 19 74
19 57 10
57 19 10
19 58 71
58 19 71
19 59 3
59 19 3
20 21 49
21 20 49
20 22 71
22 20 71
20 23 45
23 20 45
20 24 116
24 20 116
20 25 96
25 20 96
20 26 20
26 20 20
20 27 24
27 20 24
20 28 110
28 20 110
20 29 56
29 20 56
20 30 66
30 20 66
20 31 43
31 20 43
20 32 56
32 20 56
20 33 112
33 20 112
20 34 80
34 20 80
20 35 38
35 20 38
20 36 53
36 20 53
20 37 39
37 20 39
20 38 66
38 20 66
20 39 71
39 20 71
20 40 65
40 20 65
20 41 91
41 20 91
20 42 30
42 20 30
20 43 59
43 20 59
20 44 66
44 20 66
20 45 70
45 20 70
20 46 41
46 20 41
20 47 61
47 20 61
20 48 37
48 20 37
20 49 1
49 20 1
20 50 95
50 20 95
20 51 16
51 20 16
20 52 107
52 20 107
20 53 48
53 20 48
20 54 5
54 20 5
20 55 107
55 20 107
20 56 23
56 20 23
20 57 115
57 20 115
20 58 31
58 20 31
20 59 50
59 20 50
21 22 69
22 21 69
21 23 50
23 21 50
21 24 96
24 21 96
21 25 10
25 21 10
21 26 73
26 21 73
21 27 46
27 21 46
21 28 34
28 21 34
21 29 44
29 21 44
21 30 109
30 21 109
21 31 83
31 21 83
21 32 32
32 21 32
21 33 56
33 21 56
21 34 58
34 21 58
21 35 36
35 21 36
21 36 114
36 21 114
21 37 65
37 21 65
21 38 94
38 21 94
21 39 25
39 21 25
21 40 1
40 21 1
21 41 17
41 21 17
21 42 87
42 21 87
21 43 39
43 21 39
21 44 76
44 21 76
21 45 16
45 21 16
21 46 61
46 21 61
21 47 47
47 21 47
21 48 4
48 21 4
21 49 41
49 21 41
21 50 95
50 21 95
21 51 37
51 21 37
21 52 107
52 21 107
21 53 109
53 21 109
21 54 86
54 21 86
21 55 51
55 21 51
21 56 112
56 21 112
21 57 49
57 21 49
21 58 94
58 21 94
21 59 46
59 21 46
22 23 4
23 22 4
22 24 39
24 22 39
22 25 107
25 22 107
22 26 118
26 22 118
22 27 46
27 22 46
22 28 18
28 22 18
22 29 99
29 22 99
22 30 90
30 22 90
22 31 40
31 22 40
22 32 86
32 22 86
22 33 68
33 22 68
22 34 62
34 22 62
22 35 37
35 22 37
22 36 104
36 22 104
22 37 67
37 22 67
22 38 67
38 22 67
22 39 4
39 22 4
22 40 116
40 22 116
22 41 11
41 22 11
22 42 73
42 22 73
22 43 45
43 22 45
22 44 27
44 22 27
22 45 41
45 22 41
22 46 71
46 22 71
22 47 99
47 22 99
22 48 32
48 22 32
22 49 34
49 22 34
22 50 14
50 22 14
22 51 116
51 22 116
22 52 68
52 22 68
22 53 62
53 22 62
22 54 118
54 22 118
22 55 74
55 22 74
22 56 111
56 22 111
22 57 4
57 22 4
22 58 38
58 22 38
22 59 65
59 22 65
23 24 114
24 23 114
23 25 12
25 23 12
23 26 61
26 23 61
23 27 15
27 23 15
23 28 47
28 23 47
23 29 23
29 23 23
23 30 59
30 23 59
23 31 72
31 23 72
23 32 5
32 23 5
23 33 95
33 23 95
23 34 21
34 23 21
23 35 113
35 23 113
23 36 108
36 23 108
23 37 23
37 23 23
23 38 41
38 23 41
23 39 82
39 23 82
23 40 27
40 23 27
23 41 55
41 23 55
23 42 63
42 23 63
23 43 88
43 23 88
23 44 68
44 23 68
23 45 78
45 23 78
23 46 58
46 23 58
23 47 49
47 23 49
23 48 90
48 23 90
23 49 15
49 23 15
23 50 12
50 23 12
23 51 88
51 23 88
23 52 24
52 23 24
23 53 14
53 23 14
23 54 102
54 23 102
23 55 68
55 23 68
23 56 57
56 23 57
23 57 13
57 23 13
23 58 119
58 23 119
23 59 52
59 23 52
24 25 26
25 24 26
24 26 31
26 24 31
24 27 44
27 24 44
24 28 59
28 24 59
24 29 32
29 24 32
24 30 81
30 24 81
24 31 9
31 24 9
24 32 35
32 24 35
24 33 78
33 24 78
24 34 99
34 24 99
24 35 13
35 24 13
24 36 101
36 24 101
24 37 69
37 24 69
24 38 20
38 24 20
24 39 78
39 24 78
24 40 2
40 24 2
24 41 1
41 24 1
24 42 94
42 24 94
24 43 37
43 24 37
24 44 50
44 24 50
24 45 89
45 24 89
24 46 118
46 24 118
24 47 30
47 24 30
24 48 10
48 24 10
24 49 3
49 24 3
24 50 63
50 24 63
24 51 9
51 24 9
24 52 109
52 24 109
24 53 87
53 24 87
24 54 20
54 24 20
24 55 111
55 24 111
24 56 37
56 24 37
24 57 49
57 24 49
24 58 96
58 24 96
24 59 96
59 24 96
25 26 1
26 25 1
25 27 53
27 25 53
25 28 55
28 25 55
25 29 3
29 25 3
25 30 14
30 25 14
25 31 71
31 25 71
25 32 29
32 25 29
25 33 41
33 25 41
25 34 92
34 25 92
25 35 41
35 25 41
25 36 82
36 25 82
25 37 107
37 25 107
25 38 116
38 25 116
25 39 38
39 25 38
25 40 38
40 25 38
25 41 7
41 25 7
25 42 88
42 25 88
25 43 36
43 25 36
25 44 19
44 25 19
25 45 37
45 25 37
25 46 25
46 25 25
25 47 82
47 25 82
25 48 66
48 25 66
25 49 76
49 25 76
25 50 62
50 25 62
25 51 52
51 25 52
25 52 14
52 25 14
25 53 55
53 25 55
25 54 12
54 25 12
25 55 51
55 25 51
25 56 19
56 25 19
25 57 99
57 25 99
25 58 69
58 25 69
25 59 110
59 25 110
26 27 21
27 26 21
26 28 24
28 26 24
26 29 59
29 26 59
26 30 91
30 26 91
26 31 54
31 26 54
26 32 17
32 26 17
26 33 81
33 26 81
26 34 59
34 26 59
26 35 106
35 26 106
26 36 111
36 26 111
26 37 85
37 26 85
26 38 52
38 26 52
26 39 8
39 26 8
26 40 2
40 26 2
26 41 50
41 26 50
26 42 1
42 26 1
26 43 7
43 26 7
26 44 115
44 26 115
26 45 88
45 26 88
26 46 74
46 26 74
26 47 10
47 26 10
26 48 49
48 26 49
26 49 92
49 26 92
26 50 115
50 26 115
26 51 103
51 26 103
26 52 1
52 26 1
26 53 92
53 26 92
26 54 3
54 26 3
26 55 3
55 26 3
26 56 41
56 26 41
26 57 2
57 26 2
26 58 112
58 26 112
26 59 112
59 26 112
27 28 20
28 27 20
27 29 3
29 27 3
27 30 75
30 27 75
27 31 110
31 27 110
27 32 48
32 27 48
27 33 4
33 27 4
27 34 72
34 27 72
27 35 7
35 27 7
27 36 112
36 27 112
27 37 23
37 27 23
27 38 17
38 27 17
27 39 111
39 27 111
27 40 73
40 27 73
27 41 108
41 27 108
27 42 5
42 27 5
27 43 93
43 27 93
27 44 74
44 27 74
27 45 30
45 27 30
27 46 74
46 27 74
27 47 103
47 27 103
27 48 105
48 27 105
27 49 89
49 27 89
27 50 93
50 27 93
27 51 5
51 27 5
27 52 112
52 27 112
27 53 54
53 27 54
27 54 95
54 27 95
27 55 11
55 27 11
27 56 2
56 27 2
27 57 81
57 27 81
27 58 94
58 27 94
27 59 62
59 27 62
28 29 29
29 28 29
28 30 3
30 28 3
28 31 57
31 28 57
28 32 36
32 28 36
28 33 74
33 28 74
28 34 118
34 28 118
28 35 42
35 28 42
28 36 120
36 28 120
28 37 51
37 28 51
28 38 41
38 28 41
28 39 79
39 28 79
28 40 5
40 28 5
28 41 47
41 28 47
28 42 37
42 28 37
28 43 117
43 28 117
28 44 11
44 28 11
28 45 12
45 28 12
28 46 110
46 28 110
28 47 43
47 28 43
28 48 14
48 28 14
28 49 51
49 28 51
28 50 36
50 28 36
28 51 62
51 28 62
28 52 111
52 28 111
28 53 57
53 28 57
28 54 77
54 28 77
28 55 14
55 28 14
28 56 83
56 28 83
28 57 72
57 28 72
28 58 53
58 28 53
28 59 103
59 28 103
29 30 63
30 29 63
29 31 101
31 29 101
29 32 81
32 29 81
29 33 71
33 29 71
29 34 21
34 29 21
29 35 81
35 29 81
29 36 59
36 29 59
29 37 100
37 29 100
29 38 117
38 29 117
29 39 28
39 29 28
29 40 72
40 29 72
29 41 90
41 29 90
29 42 96
42 29 96
29 43 117
43 29 117
29 44 45
44 29 45
29 45 33
45 29 33
29 46 96
46 29 96
29 47 12
47 29 12
29 48 65
48 29 65
29 49 24
49 29 24
29 50 36
50 29 36
29 51 19
51 29 19
29 52 14
52 29 14
29 53 29
53 29 29
29 54 119
54 29 119
29 55 42
55 29 42
29 56 70
56 29 70
29 57 93
57 29 93
29 58 52
58 29 52
29 59 81
59 29 81
30 31 10
31 30 10
30 32 23
32 30 23
30 33 101
33 30 101
30 34 56
34 30 56
30 35 47
35 30 47
30 36 109
36 30 109
30 37 49
37 30 49
30 38 49
38 30 49
30 39 47
39 30 47
30 40 77
40 30 77
30 41 94
41 30 94
30 42 117
42 30 117
30 43 56
43 30 56
30 44 38
44 30 38
30 45 43
45 30 43
30 46 91
46 30 91
30 47 6
47 30 6
30 48 88
48 30 88
30 49 92
49 30 92
30 50 24
50 30 24
30 51 98
51 30 98
30 52 57
52 30 57
30 53 120
53 30 120
30 54 112
54 30 112
30 55 69
55 30 69
30 56 107
56 30 107
30 57 79
57 30 79
30 58 3
58 30 3
30 59 102
59 30 102
31 32 36
32 31 36
31 33 58
33 31 58
31 34 46
34 31 46
31 35 11
35 31 11
31 36 94
36 31 94
31 37 105
37 31 105
31 38 66
38 31 66
31 39 56
39 31 56
31 40 97
40 31 97
31 41 25
41 31 25
31 42 90
42 31 90
31 43 95
43 31 95
31 44 98
44 31 98
31 45 51
45 31 51
31 46 65
46 31 65
31 47 21
47 31 21
31 48 80
48 31 80
31 49 70
49 31 70
31 50 6
50 31 6
31 51 84
51 31 84
31 52 86
52 31 86
31 53 21
53 31 21
31 54 54
54 31 54
31 55 64
55 31 64
31 56 80
56 31 80
31 57 89
57 31 89
31 58 104
58 31 104
31 59 78
59 31 78
32 33 44
33 32 44
32 34 88
34 32 88
32 35 99
35 32 99
32 36 100
36 32 100
32 37 105
37 32 105
32 38 54
38 32 54
32 39 59
39 32 59
32 40 45
40 32 45
32 41 91
41 32 91
32 42 48
42 32 48
32 43 78
43 32 78
32 44 49
44 32 49
32 45 108
45 32 108
32 46 97
46 32 97
32 47 79
47 32 79
32 48 17
48 32 17
32 49 74
49 32 74
32 50 115
50 32 115
32 51 1
51 32 1
32 52 26
52 32 26
32 53 28
53 32 28
32 54 91
54 32 91
32 55 63
55 32 63
32 56 85
56 32 85
32 57 13
57 32 13
32 58 85
58 32 85
32 59 46
59 32 46
33 34 44
34 33 44
33 35 96
35 33 96
33 36 59
36 33 59
33 37 25
37 33 25
33 38 22
38 33 22
33 39 34
39 33 34
33 40 113
40 33 113
33 41 106
41 33 106
33 42 4
42 33 4
33 43 108
43 33 108
33 44 100
44 33 100
33 45 4
45 33 4
33 46 88
46 33 88
33 47 34
47 33 34
33 48 65
48 33 65
33 49 85
49 33 85
33 50 33
50 33 33
33 51 91
51 33 91
33 52 76
52 33 76
33 53 84
53 33 84
33 54 30
54 33 30
33 55 73
55 33 73
33 56 76
56 33 76
33 57 50
57 33 50
33 58 62
58 33 62
33 59 79
59 33 79
34 35 71
35 34 71
34 36 74
36 34 74
34 37 34
37 34 34
34 38 63
38 34 63
34 39 89
39 34 89
34 40 75
40 34 75
34 41 46
41 34 46
34 42 77
42 34 77
34 43 75
43 34 75
34 44 44
44 34 44
34 45 1
45 34 1
34 46 84
46 34 84
34 47 106
47 34 106
34 48 8
48 34 8
34 49 47
49 34 47
34 50 103
50 34 103
34 51 55
51 34 55
34 52 36
52 34 36
34 53 114
53 34 114
34 54 99
54 34 99
34 55 106
55 34 106
34 56 100
56 34 100
34 57 7
57 34 7
34 58 36
58 34 36
34 59 45
59 34 45
35 36 30
36 35 30
35 37 31
37 35 31
35 38 64
38 35 64
35 39 16
39 35 16
35 40 77
40 35 77
35 41 81
41 35 81
35 42 105
42 35 105
35 43 43
43 35 43
35 44 76
44 35 76
35 45 65
45 35 65
35 46 118
46 35 118
35 47 120
47 35 120
35 48 44
48 35 44
35 49 119
49 35 119
35 50 30
50 35 30
35 51 7
51 35 7
35 52 3
52 35 3
35 53 21
53 35 21
35 54 59
54 35 59
35 55 25
55 35 25
35 56 107
56 35 107
35 57 7
57 35 7
35 58 72
58 35 72
35 59 8
59 35 8
36 37 9
37 36 9
36 38 16
38 36 16
36 39 114
39 36 114
36 40 40
40 36 40
36 41 42
41 36 42
36 42 107
42 36 107
36 43 96
43 36 96
36 44 115
44 36 115
36 45 90
45 36 90
36 46 51
46 36 51
36 47 53
47 36 53
36 48 42
48 36 42
36 49 103
49 36 103
36 50 56
50 36 56
36 51 68
51 36 68
36 52 112
52 36 112
36 53 31
53 36 31
36 54 61
54 36 61
36 55 41
55 36 41
36 56 111
56 36 111
36 57 116
57 36 116
36 58 58
58 36 58
36 59 113
59 36 113
37 38 17
38 37 17
37 39 66
39 37 66
37 40 27
40 37 27
37 41 29
41 37 29
37 42 10
42 37 10
37 43 3
43 37 3
37 44 100
44 37 100
37 45 21
45 37 21
37 46 39
46 37 39
37 47 72
47 37 72
37 48 65
48 37 65
37 49 2
49 37 2
37 50 120
50 37 120
37 51 61
51 37 61
37 52 51
52 37 51
37 53 106
53 37 106
37 54 100
54 37 100
37 55 10
55 37 10
37 56 115
56 37 115
37 57 14
57 37 14
37 58 23
58 37 23
37 59 115
59 37 115
38 39 79
39 38 79
38 40 97
40 38 97
38 41 68
41 38 68
38 42 77
42 38 77
38 43 66
43 38 66
38 44 31
44 38 31
38 45 65
45 38 65
38 46 21
46 38 21
38 47 33
47 38 33
38 48 4
48 38 4
38 49 20
49 38 20
38 50 105
50 38 105
38 51 44
51 38 44
38 52 82
52 38 82
38 53 119
53 38 119
38 54 115
54 38 115
38 55 96
55 38 96
38 56 119
56 38 119
38 57 7
57 38 7
38 58 28
58 38 28
38 59 2
59 38 2
39 40 20
40 39 20
39 41 20
41 39 20
39 42 70
42 39 70
39 43 18
43 39 18
39 44 3
44 39 3
39 45 63
45 39 63
39 46 62
46 39 62
39 47 87
47 39 87
39 48 42
48 39 42
39 49 60
49 39 60
39 50 119
50 39 119
39 51 6
51 39 6
39 52 113
52 39 113
39 53 26
53 39 26
39 54 9
54 39 9
39 55 12
55 39 12
39 56 51
56 39 51
39 57 93
57 39 93
39 58 93
58 39 93
39 59 115
59 39 115
40 41 22
41 40 22
40 42 107
42 40 107
40 43 53
43 40 53
40 44 50
44 40 50
40 45 88
45 40 88
40 46 46
46 40 46
40 47 54
47 40 54
40 48 48
48 40 48
40 49 96
49 40 96
40 50 72
50 40 72
40 51 78
51 40 78
40 52 94
52 40 94
40 53 57
53 40 57
40 54 20
54 40 20
40 55 89
55 40 89
40 56 35
56 40 35
40 57 75
57 40 75
40 58 67
58 40 67
40 59 59
59 40 59
41 42 73
42 41 73
41 43 107
43 41 107
41 44 20
44 41 20
41 45 96
45 41 96
41 46 45
46 41 45
41 47 92
47 41 92
41 48 76
48 41 76
41 49 107
49 41 107
41 50 76
50 41 76
41 51 82
51 41 82
41 52 120
52 41 120
41 53 22
53 41 22
41 54 16
54 41 16
41 55 114
55 41 114
41 56 11
56 41 11
41 57 44
57 41 44
41 58 72
58 41 72
41 59 50
59 41 50
42 43 5
43 42 5
42 44 47
44 42 47
42 45 68
45 42 68
42 46 5
46 42 5
42 47 81
47 42 81
42 48 105
48 42 105
42 49 23
49 42 23
42 50 35
50 42 35
42 51 38
51 42 38
42 52 119
52 42 119
42 53 45
53 42 45
42 54 81
54 42 81
42 55 32
55 42 32
42 56 9
56 42 9
42 57 26
57 42 26
42 58 58
58 42 58
42 59 120
59 42 120
43 44 12
44 43 12
43 45 96
45 43 96
43 46 114
46 43 114
43 47 32
47 43 32
43 48 42
48 43 42
43 49 94
49 43 94
43 50 44
50 43 44
43 51 74
51 43 74
43 52 117
52 43 117
43 53 65
53 43 65
43 54 16
54 43 16
43 55 81
55 43 81
43 56 69
56 43 69
43 57 24
57 43 24
43 58 117
58 43 117
43 59 32
59 43 32
44 45 78
45 44 78
44 46 113
46 44 113
44 47 39
47 44 39
44 48 107
48 44 107
44 49 108
49 44 108
44 50 35
50 44 35
44 51 70
51 44 70
44 52 21
52 44 21
44 53 17
53 44 17
44 54 10
54 44 10
44 55 44
55 44 44
44 56 63
56 44 63
44 57 28
57 44 28
44 58 32
58 44 32
44 59 68
59 44 68
45 46 77
46 45 77
45 47 88
47 45 88
45 48 72
48 45 72
45 49 106
49 45 106
45 50 11
50 45 11
45 51 48
51 45 48
45 52 2
52 45 2
45 53 119
53 45 119
45 54 25
54 45 25
45 55 91
55 45 91
45 56 83
56 45 83
45 57 60
57 45 60
45 58 29
58 45 29
45 59 120
59 45 120
46 47 13
47 46 13
46 48 69
48 46 69
46 49 107
49 46 107
46 50 67
50 46 67
46 51 36
51 46 36
46 52 91
52 46 91
46 53 119
53 46 119
46 54 72
54 46 72
46 55 8
55 46 8
46 56 56
56 46 56
46 57 87
57 46 87
46 58 114
58 46 114
46 59 67
59 46 67
47 48 39
48 47 39
47 49 13
49 47 13
47 50 109
50 47 109
47 51 88
51 47 88
47 52 90
52 47 90
47 53 2
53 47 2
47 54 17
54 47 17
47 55 84
55 47 84
47 56 96
56 47 96
47 57 113
57 47 113
47 58 24
58 47 24
47 59 67
59 47 67
48 49 84
49 48 84
48 50 36
50 48 36
48 51 16
51 48 16
48 52 108
52 48 108
48 53 6
53 48 6
48 54 20
54 48 20
48 55 2
55 48 2
48 56 96
56 48 96
48 57 101
57 48 101
48 58 9
58 48 9
48 59 110
59 48 110
49 50 64
50 49 64
49 51 7
51 49 7
49 52 32
52 49 32
49 53 20
53 49 20
49 54 39
54 49 39
49 55 3
55 49 3
49 56 49
56 49 49
49 57 57
57 49 57
49 58 65
58 49 65
49 59 16
59 49 16
50 51 47
51 50 47
50 52 69
52 50 69
50 53 32
53 50 32
50 54 20
54 50 20
50 55 76
55 50 76
50 56 109
56 50 109
50 57 81
57 50 81
50 58 21
58 50 21
50 59 35
59 50 35
51 52 48
52 51 48
51 53 92
53 51 92
51 54 43
54 51 43
51 55 16
55 51 16
51 56 47
56 51 47
51 57 39
57 51 39
51 58 18
58 51 18
51 59 105
59 51 105
52 53 70
53 52 70
52 54 48
54 52 48
52 55 26
55 52 26
52 56 54
56 52 54
52 57 56
57 52 56
52 58 17
58 52 17
52 59 88
59 52 88
53 54 56
54 53 56
53 55 29
55 53 29
53 56 76
56 53 76
53 57 78
57 53 78
53 58 70
58 53 70
53 59 17
59 53 17
54 55 84
55 54 84
54 56 23
56 54 23
54 57 83
57 54 83
54 58 76
58 54 76
54 59 105
59 54 105
55 56 35
56 55 35
55 57 33
57 55 33
55 58 105
58 55 105
55 59 85
59 55 85
56 57 4
57 56 4
56 58 78
58 56 78
56 59 91
59 56 91
57 58 42
58 57 42
57 59 26
59 57 26
58 59 73
59 58 73
